10.6
4.3
33.2
nan
55.5
22.2
17.6
5.9
2.1
9.2
94.8
9.5
18.2
12.7
34.7
66.1
8.9
65.8
43.1
62.7
21.2
68.7
27.1
61.8
74.3
12.5
52.2
74.1
71.2
24.4
14.2
11.8
29.3
8.6
18.9
34.3
15.3
85.4
57.9
67.1
36.0
63.3
7.2
5.1
17.0
32.6
4.7
64.5
18.7
51.9
4.2
14.8
67.3
10.4
30.2
49.3
70.8
39.5
79.6
9.8
87.8
30.8
58.7
14.1
86.0
19.4
81.4
14.4
11.3
52.0
36.8
85.1
43.5
93.7
12.6
30.3
98.6
6.4
17.7
66.2
83.1
19.5
32.7
16.0
70.6
56.6
92.9
6.6
26.7
12.8
32.9
6.5
63.6
71.8
5.5
13.9
42.5
81.1
23.0
35.9
4.9
32.8
9.0
8.2
19.0
29.0
23.9
42.6
33.1
73.9
6.3
89.6
25.7
33.7
80.5
5.2
13.2
49.6
39.9
75.3
24.1
56.9
36.5
45.3
43.8
40.7
64.2
18.6
43.6
8.8
63.5
24.5
5.7
10.5
38.1
47.8
51.3
25.1
34.2
8.1
41.0
10.7
10.3
4.5
3.6
25.2
59.6
22.0
38.3
43.7
39.2
26.9
56.7
58.4
22.8
6.9
33.5
8.7
76.1
24.9
23.4
63.9
80.6
3.8
5.0
20.8
4.8
8.5
53.6
40.8
59.3
48.4
7.8
20.3
14.3
17.4
48.1
13.8
12.9
11.5
93.1
16.6
15.7
13.6
32.3
100.0
15.4
45.7
24.0
61.7
21.8
21.3
51.6
91.2
53.0
30.7
95.2
44.6
82.9
73.1
29.6
35.4
31.6
36.2
54.6
16.4
8.0
70.1
9.9
56.5
69.2
42.8
78.3
36.9
17.5
72.6
46.7
37.3
21.9
18.5
11.2
12.2
84.8
46.5
21.7
32.0
75.5
71.0
45.8
41.3
31.1
19.3
74.5
15.9
18.3
18.1
21.4
68.1
54.0
60.5
51.1
23.6
80.2
71.1
86.9
44.5
82.8
50.2
40.1
72.0
18.8
28.5
32.1
38.8
31.2
31.0
10.0
90.6
70.3
60.7
43.4
41.1
39.1
96.2
5.6
58.9
53.3
44.0
5.8
20.4
17.1
67.2
43.2
38.7
11.6
74.8
48.8
92.8
73.4
7.1
51.5
0.0
58.3
65.7
21.0
19.2
47.9
20.1
19.1
40.3
6.8
79.7
3.3
10.9
26.2
8.3
72.1
28.6
65.2
13.3
73.2
42.2
43.3
11.0
35.1
14.5
9.4
6.2
50.1
54.5
25.0
18.4
7.3
59.9
37.8
12.4
16.3
38.0
68.5
73.8
52.4
28.4
49.9
86.7
51.0
24.8
46.3
59.5
80.0
12.3
80.8
6.7
64.0
46.1
93.5
62.8
35.0
34.6
84.1
55.7
71.9
10.2
66.7
7.7
75.8
9.3
47.4
52.5
11.1
19.7
85.0
50.3
96.4
32.5
53.5
16.7
85.2
39.7
35.7
35.6
7.5
16.9
45.0
40.5
83.9
77.3
49.0
25.3
16.8
36.1
4.6
63.8
73.7
95.7
31.7
9.6
16.5
38.9
82.1
48.0
49.2
7.4
2.4
63.7
56.0
28.8
6.0
26.4
6.1
75.0
88.1
51.8
45.1
46.6
84.9
27.2
72.8
45.2
78.1
5.4
17.2
62.3
84.3
68.2
32.2
3.9
16.1
48.2
33.6
79.4
29.7
22.1
43.0
66.6
66.0
74.2
13.5
64.9
35.8
42.7
47.0
22.4
14.9
57.3
78.9
72.9
42.4
1.7
34.4
12.0
7.6
79.9
33.8
7.9
30.6
44.1
13.4
41.5
91.5
49.8
4.4
11.9
44.8
50.4
22.5
38.4
30.0
31.9
37.5
31.5
34.9
76.4
37.9
73.6
68.9
77.7
40.0
37.6
27.0
23.3
24.3
11.4
12.1
69.0
75.7
83.6
39.4
82.6
47.7
77.2
97.5
65.4
41.8
30.1
13.7
20.0
44.7
93.2
57.8
71.4
55.6
92.7
7.0
96.1
29.8
50.0
15.1
13.1
36.3
46.2
5.3
95.6
64.1
3.4
15.0
11.7
44.4
22.9
39.8
74.9
53.1
48.3
38.6
40.9
52.9
14.6
28.3
52.6
96.3
10.1
13.0
65.6
34.5
38.2
14.0
53.7
37.7
27.5
69.7
35.3
39.6
3.2
57.0
25.6
29.9
30.9
41.4
47.2
43.9
51.2
51.4
97.2
17.8
26.8
70.7
8.4
74.0
36.7
31.4
35.5
28.9
78.8
90.4
27.7
37.0
17.9
23.8
64.3
59.8
72.5
41.7
92.5
79.5
20.5
37.1
53.4
55.2
20.9
24.2
61.3
48.9
36.6
95.5
66.9
28.7
20.2
27.3
28.2
21.6
62.4
10.8
44.2
32.4
93.8
33.4
80.9
79.8
72.4
19.9
29.4
58.5
26.0
89.5
53.8
39.3
52.3
72.2
27.4
15.5
14.7
67.5
29.2
89.1
61.9
31.8
42.3
20.7
35.2
15.2
93.0
67.0
77.1
27.9
68.4
91.1
73.0
61.5
38.5
25.9
69.6
48.5
55.9
69.9
67.7
16.2
42.0
31.3
70.2
76.3
77.0
56.2
93.3
57.1
17.3
69.4
3.1
94.3
50.6
80.4
97.0
70.4
20.6
25.8
56.3
87.6
4.1
28.0
72.7
45.5
47.3
94.0
64.7
97.6
54.7
79.2
36.4
29.5
74.4
98.3
9.7
62.5
88.4
90.5
40.4
65.0
27.6
19.8
80.1
15.8
26.1
24.6
78.2
81.7
56.8
25.5
68.3
3.7
34.8
74.6
83.2
47.5
94.4
81.6
49.5
60.8
76.6
22.3
19.6
22.6
22.7
9.1
86.3
78.0
65.5
94.6
56.1
90.9
54.4
58.0
77.6
62.9
68.8
76.0
76.2
87.2
93.6
89.4
87.3
2.2
78.6
58.1
93.9
55.4
63.2
46.8
65.1
53.9
68.6
23.7
67.4
84.7
97.9
18.0
79.1
57.5
69.3
72.3
44.9
61.0
89.7
49.4
41.2
64.6
75.2
71.5
25.4
55.3
44.3
83.3
97.4
83.8
49.1
30.5
82.4
28.1
65.3
79.3
45.4
80.3
50.7
46.0
68.0
97.8
26.5
88.0
53.2
23.5
21.5
86.1
76.5
84.6
94.2
77.8
92.0
90.7
41.6
85.8
57.7
69.8
33.0
82.2
60.9
57.4
33.3
29.1
30.4
88.3
54.9
74.7
58.8
62.1
86.8
48.6
47.6
62.2
89.9
66.3
46.9
3.0
98.7
66.8
71.3
50.9
81.2
69.1
60.4
83.7
60.2
2.5
42.9
47.1
90.8
51.7
71.7
61.4
60.6
75.4
66.4
76.7
23.2
87.4
82.0
60.0
57.6
71.6
60.3
40.6
70.5
41.9
42.1
15.6
67.6
26.3
77.9
64.8
70.0
75.6
34.0
95.8
77.4
78.7
75.9
77.5
80.7
23.1
96.5
33.9
62.6
85.6
46.4
94.5
98.2
94.1
95.3
37.2
70.9
92.6
39.0
73.5
3.5
85.7
54.8
45.9
89.0
45.6
54.2
55.1
40.2
54.3
98.1
4.0
76.8
59.7
90.3
87.0
52.7
27.8
93.4
61.2
82.7
67.9
84.4
78.4
85.3
96.0
73.3
50.8
95.4
58.2
63.1
21.1
26.6
90.2
81.5
75.1
99.2
2.8
87.1
55.0
96.8
91.3
78.5
97.3
61.6
50.5
24.7
64.4
52.1
89.8
57.2
84.0
88.9
82.5
76.9
83.5
91.8
67.8
87.7
88.6
81.8
56.4
96.6
48.7
55.8
98.8
92.2
63.4
79.0
86.6
59.0
90.0
66.5
88.5
2.9
58.6
1.2
2.6
81.3
69.5
59.2
54.1
1.8
95.0
94.9
59.4
86.2
60.1
95.9
88.8
1.0
92.4
96.9
59.1
61.1
37.4
91.7
90.1
34.1
52.8
97.1
98.9
94.7
85.5
65.9
83.0
1.9
96.7
95.1
97.7
81.9
63.0
1.6
81.0
83.4
62.0
92.3
89.3
91.4
86.5
92.1
84.5
88.7
91.0
88.2
84.2
98.4
49.7
91.9
87.5
85.9
99.8
1.4
91.6
98.5
99.6
82.3
2.0
87.9
89.2
99.1
86.4
99.4
99.7
99.3
2.3
2.7
98.0
1.1
99.0
1.5
99.9
1.3
0.4
0.9
99.5
0.7
0.8
0.2
0.6
0.3
0.5
